{"adjacencyMatrix":[[0,0,0,0,0,0,0,0,1,0,0,1,0,0,0,0,0,0,0,0,0,0,0,0,0,0],[0,0,0,1,0,0,0,0,0,0,0,0,1,1,0,0,0,0,0,0,0,0,0,0,0,0],[0,0,0,0,1,0,0,0,0,0,1,0,0,0,0,0,0,0,0,0,0,0,0,0,1,0],[0,1,0,0,0,0,0,0,0,0,0,0,0,0,0,0,0,1,0,0,0,0,0,1,0,0],[0,0,1,0,0,1,0,0,0,0,0,0,0,0,0,1,0,0,0,0,0,0,0,0,0,0],[0,0,0,0,1,0,0,0,0,0,0,1,1,0,0,0,0,0,0,0,0,0,0,0,0,0],[0,0,0,0,0,0,0,1,0,0,0,0,0,0,0,0,0,0,1,0,0,0,0,0,0,0],[0,0,0,0,0,0,1,0,0,0,0,0,0,0,0,0,1,0,0,0,0,1,0,0,0,0],[1,0,0,0,0,0,0,0,0,0,1,0,0,0,0,0,0,0,0,0,0,0,0,0,0,0],[0,0,0,0,0,0,0,0,0,0,1,0,0,0,0,0,0,0,0,1,0,0,0,0,0,0],[0,0,1,0,0,0,0,0,1,1,0,0,0,0,0,0,0,0,0,0,0,0,0,0,0,0],[1,0,0,0,0,1,0,0,0,0,0,0,0,0,1,0,0,0,0,0,0,0,0,0,0,0],[0,1,0,0,0,1,0,0,0,0,0,0,0,0,1,1,0,0,0,0,0,0,0,0,0,0],[0,1,0,0,0,0,0,0,0,0,0,0,0,0,1,0,0,0,0,0,0,0,0,0,0,0],[0,0,0,0,0,0,0,0,0,0,0,1,1,1,0,0,0,0,0,0,0,0,0,0,0,0],[0,0,0,0,1,0,0,0,0,0,0,0,1,0,0,0,0,0,0,0,0,0,1,0,0,0],[0,0,0,0,0,0,0,1,0,0,0,0,0,0,0,0,0,1,0,0,0,0,0,0,0,0],[0,0,0,1,0,0,0,0,0,0,0,0,0,0,0,0,1,0,0,0,0,0,0,0,0,0],[0,0,0,0,0,0,1,0,0,0,0,0,0,0,0,0,0,0,0,0,1,0,0,0,0,0],[0,0,0,0,0,0,0,0,0,1,0,0,0,0,0,0,0,0,0,0,1,0,0,0,0,0],[0,0,0,0,0,0,0,0,0,0,0,0,0,0,0,0,0,0,1,1,0,0,0,0,0,1],[0,0,0,0,0,0,0,1,0,0,0,0,0,0,0,0,0,0,0,0,0,0,0,1,0,1],[0,0,0,0,0,0,0,0,0,0,0,0,0,0,0,1,0,0,0,0,0,0,0,1,1,0],[0,0,0,1,0,0,0,0,0,0,0,0,0,0,0,0,0,0,0,0,0,1,1,0,0,0],[0,0,1,0,0,0,0,0,0,0,0,0,0,0,0,0,0,0,0,0,0,0,1,0,0,1],[0,0,0,0,0,0,0,0,0,0,0,0,0,0,0,0,0,0,0,0,1,1,0,0,1,0]],"decisionMatrix":[[0,11,11,11,11,11,11,11,8,8,8,11,11,11,11,11,11,11,11,8,11,11,11,11,11,11],[12,1,12,3,12,12,3,3,12,12,12,12,12,13,13,12,3,3,12,12,12,3,12,3,12,12],[4,4,2,24,4,4,24,24,10,10,10,4,4,4,4,4,24,24,24,24,24,24,24,24,24,24],[1,1,23,3,23,1,17,17,23,23,23,1,1,1,1,23,17,17,17,23,23,23,23,23,23,23],[5,5,2,15,4,5,15,15,2,2,2,5,5,5,5,15,15,15,2,2,2,15,15,15,2,2],[11,12,4,12,4,5,4,4,11,4,4,11,12,11,11,4,4,12,4,4,4,4,4,4,4,4],[7,7,7,7,7,7,6,7,18,18,18,7,7,7,7,7,7,7,18,18,18,7,7,7,7,7],[21,16,21,16,21,21,6,7,21,21,21,21,21,16,21,21,16,16,6,6,6,21,21,21,21,21],[0,0,10,10,10,0,10,10,8,10,10,0,0,0,0,10,10,10,10,10,10,10,10,10,10,10],[10,10,10,10,10,10,19,10,10,9,10,10,10,10,10,10,10,10,19,19,19,10,10,10,10,10],[8,2,2,2,2,2,9,2,8,9,10,8,2,8,8,2,2,2,9,9,9,2,2,2,2,2],[0,5,5,5,5,5,5,5,0,0,0,11,5,14,14,5,5,5,5,0,5,5,5,5,5,5],[5,1,5,1,5,5,15,15,5,5,5,5,12,1,14,15,15,1,15,15,15,15,15,15,15,15],[14,1,14,1,14,14,1,1,14,14,14,14,1,13,14,1,1,1,1,14,1,1,1,1,1,1],[11,13,11,13,11,11,12,12,11,11,11,11,12,13,14,12,12,13,11,11,11,12,12,12,11,11],[4,12,4,22,4,4,22,22,4,4,4,4,12,12,12,15,22,22,22,22,22,22,22,22,22,22],[7,17,7,17,7,7,7,7,7,7,7,7,7,17,7,7,16,17,7,7,7,7,7,7,7,7],[3,3,3,3,3,3,16,16,3,3,3,3,3,3,3,3,16,17,16,16,16,16,3,3,3,16],[20,20,20,6,20,20,6,6,20,20,20,20,20,20,20,20,6,6,18,20,20,6,20,6,20,20],[9,20,20,20,20,20,20,20,9,9,9,9,20,9,9,20,20,20,20,19,20,20,20,20,20,20],[25,25,25,25,25,25,18,18,19,19,19,25,25,25,25,25,18,18,18,19,20,25,25,25,25,25],[23,23,25,23,23,23,7,7,25,25,25,23,23,23,23,23,7,7,7,25,25,21,23,23,25,25],[15,15,24,23,15,15,23,23,24,24,24,15,15,15,15,15,23,23,24,24,24,23,22,23,24,24],[22,3,22,3,22,22,21,21,22,22,22,22,22,3,22,22,21,3,21,22,22,21,22,23,22,22],[2,22,2,22,2,2,25,25,2,2,2,2,22,22,2,22,25,22,25,25,25,25,22,22,24,25],[24,24,24,24,24,24,21,21,24,24,24,24,24,24,24,24,21,21,20,20,20,21,24,24,24,25]],"directDistanceMatrix":[[0.0,Infinity,Infinity,Infinity,Infinity,Infinity,Infinity,Infinity,113.90579167954245,Infinity,Infinity,22.24774258022107,Infinity,Infinity,Infinity,Infinity,Infinity,Infinity,Infinity,Infinity,Infinity,Infinity,Infinity,Infinity,Infinity,Infinity],[Infinity,0.0,Infinity,86.19836593659755,Infinity,Infinity,Infinity,Infinity,Infinity,Infinity,Infinity,Infinity,114.4350321673025,122.36995237521991,Infinity,Infinity,Infinity,Infinity,Infinity,Infinity,Infinity,Infinity,Infinity,Infinity,Infinity,Infinity],[Infinity,Infinity,0.0,Infinity,47.50726331781287,Infinity,Infinity,Infinity,Infinity,Infinity,70.26699887164095,Infinity,Infinity,Infinity,Infinity,Infinity,Infinity,Infinity,Infinity,Infinity,Infinity,Infinity,Infinity,Infinity,67.58181852060858,Infinity],[Infinity,86.19836593659755,Infinity,0.0,Infinity,Infinity,Infinity,Infinity,Infinity,Infinity,Infinity,Infinity,Infinity,Infinity,Infinity,Infinity,Infinity,101.11882482735867,Infinity,Infinity,Infinity,Infinity,Infinity,135.80537786121027,Infinity,Infinity],[Infinity,Infinity,47.50726331781287,Infinity,0.0,47.541214809719236,Infinity,Infinity,Infinity,Infinity,Infinity,Infinity,Infinity,Infinity,Infinity,87.95494404154823,Infinity,Infinity,Infinity,Infinity,Infinity,Infinity,Infinity,Infinity,Infinity,Infinity],[Infinity,Infinity,Infinity,Infinity,47.541214809719236,0.0,Infinity,Infinity,Infinity,Infinity,Infinity,72.58412802465043,106.56886522852815,Infinity,Infinity,Infinity,Infinity,Infinity,Infinity,Infinity,Infinity,Infinity,Infinity,Infinity,Infinity,Infinity],[Infinity,Infinity,Infinity,Infinity,Infinity,Infinity,0.0,54.0800503874456,Infinity,Infinity,Infinity,Infinity,Infinity,Infinity,Infinity,Infinity,Infinity,Infinity,110.27169911733475,Infinity,Infinity,Infinity,Infinity,Infinity,Infinity,Infinity],[Infinity,Infinity,Infinity,Infinity,Infinity,Infinity,54.0800503874456,0.0,Infinity,Infinity,Infinity,Infinity,Infinity,Infinity,Infinity,Infinity,59.76459342593233,Infinity,Infinity,Infinity,Infinity,54.310220837597456,Infinity,Infinity,Infinity,Infinity],[113.90579167954245,Infinity,Infinity,Infinity,Infinity,Infinity,Infinity,Infinity,0.0,Infinity,76.32526426438301,Infinity,Infinity,Infinity,Infinity,Infinity,Infinity,Infinity,Infinity,Infinity,Infinity,Infinity,Infinity,Infinity,Infinity,Infinity],[Infinity,Infinity,Infinity,Infinity,Infinity,Infinity,Infinity,Infinity,Infinity,0.0,51.47594790487645,Infinity,Infinity,Infinity,Infinity,Infinity,Infinity,Infinity,Infinity,111.84734924899101,Infinity,Infinity,Infinity,Infinity,Infinity,Infinity],[Infinity,Infinity,70.26699887164095,Infinity,Infinity,Infinity,Infinity,Infinity,76.32526426438301,51.47594790487645,0.0,Infinity,Infinity,Infinity,Infinity,Infinity,Infinity,Infinity,Infinity,Infinity,Infinity,Infinity,Infinity,Infinity,Infinity,Infinity],[22.24774258022107,Infinity,Infinity,Infinity,Infinity,72.58412802465043,Infinity,Infinity,Infinity,Infinity,Infinity,0.0,Infinity,Infinity,90.68139814119078,Infinity,Infinity,Infinity,Infinity,Infinity,Infinity,Infinity,Infinity,Infinity,Infinity,Infinity],[Infinity,114.4350321673025,Infinity,Infinity,Infinity,106.56886522852815,Infinity,Infinity,Infinity,Infinity,Infinity,Infinity,0.0,Infinity,125.45712732335468,66.93150155282616,Infinity,Infinity,Infinity,Infinity,Infinity,Infinity,Infinity,Infinity,Infinity,Infinity],[Infinity,122.36995237521991,Infinity,Infinity,Infinity,Infinity,Infinity,Infinity,Infinity,Infinity,Infinity,Infinity,Infinity,0.0,115.38449052714279,Infinity,Infinity,Infinity,Infinity,Infinity,Infinity,Infinity,Infinity,Infinity,Infinity,Infinity],[Infinity,Infinity,Infinity,Infinity,Infinity,Infinity,Infinity,Infinity,Infinity,Infinity,Infinity,90.68139814119078,125.45712732335468,115.38449052714279,0.0,Infinity,Infinity,Infinity,Infinity,Infinity,Infinity,Infinity,Infinity,Infinity,Infinity,Infinity],[Infinity,Infinity,Infinity,Infinity,87.95494404154823,Infinity,Infinity,Infinity,Infinity,Infinity,Infinity,Infinity,66.93150155282616,Infinity,Infinity,0.0,Infinity,Infinity,Infinity,Infinity,Infinity,Infinity,38.76987185932428,Infinity,Infinity,Infinity],[Infinity,Infinity,Infinity,Infinity,Infinity,Infinity,Infinity,59.76459342593233,Infinity,Infinity,Infinity,Infinity,Infinity,Infinity,Infinity,Infinity,0.0,103.22493502720805,Infinity,Infinity,Infinity,Infinity,Infinity,Infinity,Infinity,Infinity],[Infinity,Infinity,Infinity,101.11882482735867,Infinity,Infinity,Infinity,Infinity,Infinity,Infinity,Infinity,Infinity,Infinity,Infinity,Infinity,Infinity,103.22493502720805,0.0,Infinity,Infinity,Infinity,Infinity,Infinity,Infinity,Infinity,Infinity],[Infinity,Infinity,Infinity,Infinity,Infinity,Infinity,110.27169911733475,Infinity,Infinity,Infinity,Infinity,Infinity,Infinity,Infinity,Infinity,Infinity,Infinity,Infinity,0.0,Infinity,72.2811098375525,Infinity,Infinity,Infinity,Infinity,Infinity],[Infinity,Infinity,Infinity,Infinity,Infinity,Infinity,Infinity,Infinity,Infinity,111.84734924899101,Infinity,Infinity,Infinity,Infinity,Infinity,Infinity,Infinity,Infinity,Infinity,0.0,50.92592488209668,Infinity,Infinity,Infinity,Infinity,Infinity],[Infinity,Infinity,Infinity,Infinity,Infinity,Infinity,Infinity,Infinity,Infinity,Infinity,Infinity,Infinity,Infinity,Infinity,Infinity,Infinity,Infinity,Infinity,72.2811098375525,50.92592488209668,0.0,Infinity,Infinity,Infinity,Infinity,71.5793860678585],[Infinity,Infinity,Infinity,Infinity,Infinity,Infinity,Infinity,54.310220837597456,Infinity,Infinity,Infinity,Infinity,Infinity,Infinity,Infinity,Infinity,Infinity,Infinity,Infinity,Infinity,Infinity,0.0,Infinity,82.70658648767518,Infinity,114.96865356176626],[Infinity,Infinity,Infinity,Infinity,Infinity,Infinity,Infinity,Infinity,Infinity,Infinity,Infinity,Infinity,Infinity,Infinity,Infinity,38.76987185932428,Infinity,Infinity,Infinity,Infinity,Infinity,Infinity,0.0,38.38454617741973,94.85347322745747,Infinity],[Infinity,Infinity,Infinity,135.80537786121027,Infinity,Infinity,Infinity,Infinity,Infinity,Infinity,Infinity,Infinity,Infinity,Infinity,Infinity,Infinity,Infinity,Infinity,Infinity,Infinity,Infinity,82.70658648767518,38.38454617741973,0.0,Infinity,Infinity],[Infinity,Infinity,67.58181852060858,Infinity,Infinity,Infinity,Infinity,Infinity,Infinity,Infinity,Infinity,Infinity,Infinity,Infinity,Infinity,Infinity,Infinity,Infinity,Infinity,Infinity,Infinity,Infinity,94.85347322745747,Infinity,0.0,40.22480189980301],[Infinity,Infinity,Infinity,Infinity,Infinity,Infinity,Infinity,Infinity,Infinity,Infinity,Infinity,Infinity,Infinity,Infinity,Infinity,Infinity,Infinity,Infinity,Infinity,Infinity,71.5793860678585,114.96865356176626,Infinity,Infinity,40.22480189980301,0.0]],"shortestPathMatrix":[[0.0,315.83576800070216,189.8803487324036,402.0341339372997,142.37308541459072,94.8318706048715,498.5793052056012,444.4992548181556,113.90579167954245,241.70700384880192,190.23105594392547,22.24774258022107,201.40073583339966,228.31363124855466,112.92914072141185,230.32802945613895,504.2638482440879,503.15295876465836,441.5474650582262,353.55435309779295,369.2663552206737,390.1890339805581,269.0979013154632,307.48244749288295,257.4621672530122,297.6869691528152],[315.83576800070216,0.0,316.05237552336274,86.19836593659755,268.5451122055499,221.00389739583065,404.38676960454217,350.3067192170966,429.7415596802446,437.7953222998802,386.3193743950037,293.5880254204811,114.4350321673025,122.36995237521991,237.7544429023627,181.36653372012864,290.54212579116427,187.3171907639562,499.07517661212444,477.7199916566686,426.7940667745719,304.710330285483,220.1364055794529,222.00374379780783,314.9898788069104,355.2146807067134],[189.8803487324036,316.05237552336274,0.0,336.62521578669606,47.50726331781287,95.0484781275321,331.16554520722093,277.0854948197753,146.59226313602397,121.7429467765174,70.26699887164095,167.63260615218252,201.61734335606025,373.6984948205161,258.3140042933733,135.46220735936112,336.85008824570764,437.7440406140547,251.66711632582258,230.31193137036678,179.38600648827008,222.77527398217785,162.43529174806605,200.81983792548579,67.58181852060858,107.80662042041159],[402.0341339372997,86.19836593659755,336.62521578669606,0.0,300.9147399395025,307.2022633324282,318.1884036679446,264.10835328049905,483.21747892272003,458.36816256321345,406.892214658337,379.7863913570786,200.63339810390005,208.56831831181745,323.9528088389602,212.95979589795428,204.3437598545667,101.11882482735867,428.4601027852794,431.7735101158457,380.847585233749,218.51196434888544,174.18992403863,135.80537786121027,269.0433972660875,309.2681991658905],[142.37308541459072,268.5451122055499,47.50726331781287,300.9147399395025,0.0,47.541214809719236,356.2062197910105,302.12616940356486,194.09952645383683,169.25021009433027,117.77426218945382,120.12534283436966,154.1100800382474,326.1912315027032,210.80674097556044,87.95494404154823,361.8907628294972,402.03356476686116,299.17437964363546,277.81919468817966,226.89326980608297,247.8159485659674,126.72481590087251,165.10936207829224,115.08908183842145,155.31388373822446],[94.8318706048715,221.00389739583065,95.0484781275321,307.2022633324282,47.541214809719236,0.0,403.7474346007297,349.6673842132841,208.73766228441394,216.7914249040495,165.31547699917306,72.58412802465043,106.56886522852815,278.65001669298397,163.2655261658412,135.49615885126747,409.4319776392164,408.3210881597869,346.7155944533547,325.3604094978989,274.4344846158022,295.35716337568664,174.26603071059174,212.65057688801147,162.6302966481407,202.85509854794373],[498.5793052056012,404.38676960454217,331.16554520722093,318.1884036679446,356.2062197910105,403.7474346007297,0.0,54.0800503874456,473.1272952552344,345.326083085975,396.8020309908514,476.3315626253802,335.1827773022884,526.756721979762,460.6399046256431,268.25127574946225,113.84464381337793,217.06957884058596,110.27169911733475,233.47873383698396,182.55280895488727,108.39027122504305,229.48140389013798,191.09685771271825,263.58372668661235,223.35892478680933],[444.4992548181556,350.3067192170966,277.0854948197753,264.10835328049905,302.12616940356486,349.6673842132841,54.0800503874456,0.0,423.6777579557993,398.8284415962927,347.35249369141627,422.25151223793455,281.10272691484283,472.6766715923165,406.5598542381975,214.17122536201663,59.76459342593233,162.9895284531404,164.35174950478034,287.55878422442953,236.63285934233284,54.310220837597456,175.40135350269236,137.01680732527262,209.50367629916673,169.2788743993637],[113.90579167954245,429.7415596802446,146.59226313602397,483.21747892272003,194.09952645383683,208.73766228441394,473.1272952552344,423.6777579557993,0.0,127.80121216925946,76.32526426438301,136.15353425976352,315.3065275129421,342.21942292809706,226.8349324009543,282.0544704953851,483.4423513817316,584.3363037500787,362.8555961378996,239.64856141825047,290.57448630034713,369.3675371182018,309.02755488409,347.41210106150976,214.17408165663255,254.39888355643558],[241.70700384880192,437.7953222998802,121.7429467765174,458.36816256321345,169.25021009433027,216.7914249040495,345.326083085975,398.8284415962927,127.80121216925946,0.0,51.47594790487645,263.954746429023,323.3602901325777,470.0206350973566,354.6361445702138,257.2051541358785,458.593035022225,559.4869873905722,235.0543839686402,111.84734924899101,162.7732741310877,344.51822075869524,284.17823852458343,322.5627847020032,189.324765297126,229.549567196929],[190.23105594392547,386.3193743950037,70.26699887164095,406.892214658337,117.77426218945382,165.31547699917306,396.8020309908514,347.35249369141627,76.32526426438301,51.47594790487645,0.0,212.47879852414653,271.8843422277012,418.54468719248007,303.1601966653373,205.72920623100205,407.1170871173486,508.0110394856957,286.5303318735166,163.32329715386746,214.24922203596412,293.0422728538188,232.70229061970701,271.08683679712675,137.84881739224954,178.07361929205257],[22.24774258022107,293.5880254204811,167.63260615218252,379.7863913570786,120.12534283436966,72.58412802465043,476.3315626253802,422.25151223793455,136.15353425976352,263.954746429023,212.47879852414653,0.0,179.15299325317858,206.06588866833357,90.68139814119078,208.0802868759179,482.0161056638669,480.9052161844373,419.29972247800515,375.802095678014,347.0186126404526,367.9412914003371,246.8501587352422,285.2347049126619,235.21442467279113,275.4392265725941],[201.40073583339966,114.4350321673025,201.61734335606025,200.63339810390005,154.1100800382474,106.56886522852815,335.1827773022884,281.10272691484283,315.3065275129421,323.3602901325777,271.8843422277012,179.15299325317858,0.0,236.8049845425224,125.45712732335468,66.93150155282616,340.8673203407751,301.7522229312587,384.6401444448219,363.2849594893661,312.3590346072694,226.79250607724538,105.70137341215045,144.08591958957018,200.55484663960792,240.7796485394109],[228.31363124855466,122.36995237521991,373.6984948205161,208.56831831181745,326.1912315027032,278.65001669298397,526.756721979762,472.6766715923165,342.21942292809706,470.0206350973566,418.54468719248007,206.06588866833357,236.8049845425224,0.0,115.38449052714279,303.73648609534854,412.91207816638416,309.6871431391761,621.4451289873443,581.8679843463476,549.1640191497918,427.0802826607029,342.5063579546728,344.3736961730277,437.3598311821303,477.5846330819333],[112.92914072141185,237.7544429023627,258.3140042933733,323.9528088389602,210.80674097556044,163.2655261658412,460.6399046256431,406.5598542381975,226.8349324009543,354.6361445702138,303.1601966653373,90.68139814119078,125.45712732335468,115.38449052714279,0.0,192.38862887618086,466.3244476641298,425.0716336663189,509.98112061919596,466.4834938192048,437.7000107816434,352.24963340060003,231.15850073550513,269.54304691292486,325.8958228139819,366.12062471378493],[230.32802945613895,181.36653372012864,135.46220735936112,212.95979589795428,87.95494404154823,135.49615885126747,268.25127574946225,214.17122536201663,282.0544704953851,257.2051541358785,205.72920623100205,208.0802868759179,66.93150155282616,303.73648609534854,192.38862887618086,0.0,273.93581878794896,314.07862072531293,317.70864289199574,296.35345793653994,245.42753305444324,159.86100452441917,38.76987185932428,77.154418036744,133.62334508678174,173.84814698658477],[504.2638482440879,290.54212579116427,336.85008824570764,204.3437598545667,361.8907628294972,409.4319776392164,113.84464381337793,59.76459342593233,483.4423513817316,458.593035022225,407.1170871173486,482.0161056638669,340.8673203407751,412.91207816638416,466.3244476641298,273.93581878794896,0.0,103.22493502720805,224.11634293071268,347.32337765036186,296.39745276826517,114.07481426352979,235.1659469286247,196.78140075120496,269.26826972509906,229.04346782529603],[503.15295876465836,187.3171907639562,437.7440406140547,101.11882482735867,402.03356476686116,408.3210881597869,217.06957884058596,162.9895284531404,584.3363037500787,559.4869873905722,508.0110394856957,480.9052161844373,301.7522229312587,309.6871431391761,425.0716336663189,314.07862072531293,103.22493502720805,0.0,327.34127795792074,450.5483126775699,399.62238779547323,217.29974929073785,275.30874886598866,236.92420268856893,370.16222209344613,332.2684028525041],[441.5474650582262,499.07517661212444,251.66711632582258,428.4601027852794,299.17437964363546,346.7155944533547,110.27169911733475,164.35174950478034,362.8555961378996,235.0543839686402,286.5303318735166,419.29972247800515,384.6401444448219,621.4451289873443,509.98112061919596,317.70864289199574,224.11634293071268,327.34127795792074,0.0,123.20703471964919,72.2811098375525,218.6619703423778,278.9387710326715,301.36855683005297,184.085297805214,143.860495905411],[353.55435309779295,477.7199916566686,230.31193137036678,431.7735101158457,277.81919468817966,325.3604094978989,233.47873383698396,287.55878422442953,239.64856141825047,111.84734924899101,163.32329715386746,375.802095678014,363.2849594893661,581.8679843463476,466.4834938192048,296.35345793653994,347.32337765036186,450.5483126775699,123.20703471964919,0.0,50.92592488209668,237.47396451172142,257.58358607721567,295.9681322546354,162.7301128497582,122.50531094995517],[369.2663552206737,426.7940667745719,179.38600648827008,380.847585233749,226.89326980608297,274.4344846158022,182.55280895488727,236.63285934233284,290.57448630034713,162.7732741310877,214.24922203596412,347.0186126404526,312.3590346072694,549.1640191497918,437.7000107816434,245.42753305444324,296.39745276826517,399.62238779547323,72.2811098375525,50.92592488209668,0.0,186.54803962962475,206.65766119511898,245.0422073725387,111.8041879676615,71.5793860678585],[390.1890339805581,304.710330285483,222.77527398217785,218.51196434888544,247.8159485659674,295.35716337568664,108.39027122504305,54.310220837597456,369.3675371182018,344.51822075869524,293.0422728538188,367.9412914003371,226.79250607724538,427.0802826607029,352.24963340060003,159.86100452441917,114.07481426352979,217.29974929073785,218.6619703423778,237.47396451172142,186.54803962962475,0.0,121.0911326650949,82.70658648767518,155.19345546156927,114.96865356176626],[269.0979013154632,220.1364055794529,162.43529174806605,174.18992403863,126.72481590087251,174.26603071059174,229.48140389013798,175.40135350269236,309.02755488409,284.17823852458343,232.70229061970701,246.8501587352422,105.70137341215045,342.5063579546728,231.15850073550513,38.76987185932428,235.1659469286247,275.30874886598866,278.9387710326715,257.58358607721567,206.65766119511898,121.0911326650949,0.0,38.38454617741973,94.85347322745747,135.0782751272605],[307.48244749288295,222.00374379780783,200.81983792548579,135.80537786121027,165.10936207829224,212.65057688801147,191.09685771271825,137.01680732527262,347.41210106150976,322.5627847020032,271.08683679712675,285.2347049126619,144.08591958957018,344.3736961730277,269.54304691292486,77.154418036744,196.78140075120496,236.92420268856893,301.36855683005297,295.9681322546354,245.0422073725387,82.70658648767518,38.38454617741973,0.0,133.2380194048772,173.46282130468023],[257.4621672530122,314.9898788069104,67.58181852060858,269.0433972660875,115.08908183842145,162.6302966481407,263.58372668661235,209.50367629916673,214.17408165663255,189.324765297126,137.84881739224954,235.21442467279113,200.55484663960792,437.3598311821303,325.8958228139819,133.62334508678174,269.26826972509906,370.16222209344613,184.085297805214,162.7301128497582,111.8041879676615,155.19345546156927,94.85347322745747,133.2380194048772,0.0,40.22480189980301],[297.6869691528152,355.2146807067134,107.80662042041159,309.2681991658905,155.31388373822446,202.85509854794373,223.35892478680933,169.2788743993637,254.39888355643558,229.549567196929,178.07361929205257,275.4392265725941,240.7796485394109,477.5846330819333,366.12062471378493,173.84814698658477,229.04346782529603,332.2684028525041,143.860495905411,122.50531094995517,71.5793860678585,114.96865356176626,135.0782751272605,173.46282130468023,40.22480189980301,0.0]]}